687849
1007266
661495
1017592
11654
28605
1000896
1010621
1009983
997822
983440
1013705
680158
91962
681085
672114
1002753
1001072
91527
942579
1013565
683923
675481
1004941
0
679373
666781
1010269
673456
70714
1013757
685147
1015500
50241
902801
1001281
1006091
668628
1021318
674340
682276
1005860
1017740
994916
1000506
1006556
1014224
1001432
910698
11694
682908
1002291
673940
680947
995693
1007552
49759
70729
682122
112965
1009404
676795
922721
0
675627
1007284
680592
684869
676412
1003640
1011048
669026
1009397
1000052
680138
902585
28436
1002113
1011476
112109
681670
673438
675814
683972
1006049
983802
1020522
1009136
675386
664993
683635
682678
1013752
666975
1006529
661402
967066
978067
686622
941865
